0:
###
###
#..

1:
###
##.
#..

2:
###
..#
###

3:
..#
.##
##.

4:
###
.#.
###

5:
###
##.
.##

48x48: 46 39 48 41 40 42
41x39: 31 24 29 29 28 28
48x39: 28 29 39 42 31 39
40x35: 24 29 20 27 23 20
50x35: 28 32 24 31 31 30
39x49: 35 29 38 37 36 33
46x49: 27 41 50 39 32 51
41x49: 36 26 37 36 39 34
47x44: 38 36 38 29 33 36
39x50: 39 31 31 35 41 31
42x49: 30 35 33 46 39 41
41x50: 35 35 41 30 32 35
48x40: 40 33 41 26 39 29
44x45: 45 28 50 30 25 32
37x37: 27 22 31 25 17 22
47x41: 35 28 38 35 29 30
46x40: 29 32 37 34 36 27
45x45: 32 34 39 33 49 38
50x39: 28 43 33 28 39 37
35x36: 20 22 25 28 15 22
42x50: 30 44 39 28 41 42
50x46: 35 43 44 43 34 41
40x35: 25 21 27 23 21 26
35x41: 24 30 25 23 19 22
42x44: 31 30 27 37 36 35
39x42: 28 31 24 35 34 30
40x43: 20 29 36 26 28 43
48x39: 35 33 31 34 42 33
42x37: 25 35 24 34 28 22
47x45: 32 36 50 28 39 40
49x48: 49 42 42 33 38 52
35x44: 22 31 25 22 20 34
38x47: 28 35 32 21 27 37
46x46: 25 52 35 38 34 41
46x45: 33 45 41 43 21 42
42x35: 22 29 20 28 25 30
41x40: 29 27 26 30 25 32
35x46: 25 29 24 31 27 29
39x44: 23 28 26 35 33 37
43x48: 43 42 36 34 33 36
44x39: 29 34 37 30 31 21
39x45: 32 32 34 31 29 37
47x44: 39 43 37 34 28 29
41x44: 33 27 32 24 30 36
50x37: 29 33 27 33 37 33
44x47: 38 34 36 29 37 36
43x45: 35 32 31 39 42 31
40x35: 26 19 24 19 28 27
38x42: 27 29 24 23 39 26
39x38: 22 31 21 23 30 29
36x35: 19 21 22 18 29 23
45x44: 34 34 38 26 39 39
37x41: 17 15 38 30 36 20
48x37: 33 24 28 38 32 37
45x48: 47 34 42 42 37 38
50x46: 36 39 43 41 44 37
37x47: 28 33 35 25 41 18
36x46: 31 33 41 26 22 27
35x40: 20 29 28 22 25 19
35x41: 20 25 27 19 20 32
50x50: 44 43 50 37 46 36
39x43: 23 22 34 32 38 33
48x42: 35 34 35 36 42 42
39x47: 37 35 31 30 37 25
49x49: 44 41 33 47 47 44
44x38: 27 27 25 25 29 35
50x44: 35 45 39 31 42 32
36x45: 26 30 26 21 41 36
36x36: 24 30 23 19 22 26
39x39: 23 25 21 28 33 39
40x45: 34 35 33 35 31 27
46x46: 41 38 39 28 36 43
40x48: 33 41 37 37 32 28
47x40: 30 39 28 26 32 40
45x35: 28 27 30 22 29 29
49x36: 27 28 33 31 35 38
49x39: 34 39 36 27 34 38
46x41: 28 32 28 41 29 37
36x38: 24 25 20 21 27 27
41x35: 16 21 36 23 25 22
49x48: 49 45 44 39 47 32
36x47: 26 27 32 33 27 35
42x44: 32 21 35 34 38 36
42x43: 36 26 26 42 31 35
45x38: 28 29 30 34 29 30
50x43: 42 42 33 25 45 37
35x40: 24 22 23 20 27 27
46x39: 29 35 37 30 36 28
48x46: 38 41 49 40 36 36
43x39: 31 39 30 24 35 23
35x38: 23 28 16 25 12 28
47x48: 32 44 39 40 48 37
44x39: 37 35 28 28 28 26
37x35: 17 19 25 23 27 21
43x37: 28 25 34 33 29 19
49x50: 39 38 37 44 48 50
35x35: 25 23 18 16 24 15
48x49: 51 47 41 37 37 43
35x37: 24 20 18 30 18 22
39x39: 27 22 32 32 28 28
46x47: 30 38 35 44 39 39
45x48: 43 39 35 39 49 35
41x40: 27 29 31 34 21 27
35x36: 24 22 20 19 22 25
47x49: 43 47 44 31 41 34
41x35: 31 27 20 18 18 29
50x49: 48 39 39 49 41 40
46x39: 27 33 41 27 29 38
41x39: 22 41 30 23 33 20
36x42: 28 32 27 30 23 28
43x48: 42 34 31 29 47 41
50x47: 40 52 38 47 36 27
35x49: 29 40 23 24 29 31
40x47: 30 28 35 36 33 33
40x48: 34 42 35 26 37 34
42x39: 29 27 34 33 33 26
50x44: 32 34 48 44 29 37
48x36: 35 33 33 25 38 28
41x35: 22 20 29 22 30 20
43x46: 39 30 41 32 25 43
44x37: 22 22 32 32 37 23
44x46: 38 35 31 38 39 29
41x38: 34 25 21 29 18 29
39x42: 30 17 36 25 41 33
50x44: 31 40 34 41 34 44
35x39: 26 31 16 17 18 35
50x49: 45 45 30 44 47 45
35x38: 21 20 23 22 23 23
38x46: 36 31 32 29 25 27
45x37: 30 30 36 35 19 30
43x48: 30 43 29 41 39 42
40x38: 23 23 27 25 31 27
50x42: 45 33 32 33 45 36
35x46: 28 24 23 30 23 37
45x36: 30 32 37 29 31 21
48x39: 39 25 42 37 42 23
45x44: 40 34 30 36 38 32
43x36: 20 31 23 26 27 41
44x48: 46 30 35 34 31 48
38x38: 22 21 29 27 23 22
36x42: 28 35 27 27 26 25
37x40: 25 26 23 28 29 25
44x43: 37 34 34 39 22 30
40x43: 30 32 24 32 23 41
39x45: 42 37 34 21 32 29
44x46: 37 46 34 28 37 28
45x38: 37 30 29 34 22 28
47x48: 35 48 56 24 38 39
42x39: 35 30 34 22 32 29
46x49: 40 41 48 39 34 38
42x36: 25 25 24 36 26 32
40x40: 32 32 19 26 29 31
40x46: 43 26 35 25 34 32
37x50: 30 31 33 35 37 26
37x36: 31 21 31 20 21 20
35x50: 32 30 38 21 28 27
35x41: 24 28 20 22 23 26
48x42: 33 42 38 24 49 38
44x48: 35 49 28 39 36 37
40x42: 32 28 39 30 26 27
47x44: 39 39 31 37 32 32
38x36: 23 27 21 24 21 28
37x46: 31 27 27 32 29 34
37x36: 29 24 20 25 19 27
44x48: 45 37 37 36 40 29
38x47: 30 30 35 30 28 27
41x36: 21 36 27 24 27 21
35x44: 26 25 24 26 28 25
49x35: 28 35 27 34 27 25
36x47: 26 28 36 29 25 36
47x38: 28 34 35 26 26 31
46x49: 43 44 38 36 46 33
36x45: 24 28 42 32 24 30
37x48: 25 34 33 33 35 32
43x45: 42 36 35 27 35 35
40x41: 21 30 24 35 34 25
50x50: 42 47 45 48 40 34
39x49: 43 33 29 33 33 37
47x49: 44 36 46 38 42 34
36x39: 27 20 25 22 28 34
37x48: 33 28 40 32 34 25
39x37: 20 23 26 24 28 35
42x50: 33 40 39 41 35 36
46x50: 44 43 37 38 40 38
39x39: 32 26 26 30 27 28
40x35: 18 28 22 22 31 22
38x38: 23 12 26 36 20 27
50x43: 44 45 30 34 32 39
39x43: 34 27 28 33 25 35
41x35: 25 24 26 19 26 23
43x46: 41 47 28 29 31 34
37x41: 27 25 28 24 23 29
35x44: 24 33 24 24 24 25
42x46: 30 39 31 32 36 42
46x37: 30 30 32 22 35 31
45x50: 40 43 49 33 36 39
38x36: 26 18 21 23 23 33
43x39: 28 36 33 28 28 29
49x50: 40 40 46 41 43 46
44x37: 18 34 26 33 35 22
48x44: 28 41 45 41 42 27
41x45: 31 35 45 25 32 27
44x40: 36 27 32 28 29 30
47x45: 30 37 41 35 32 50
37x44: 22 29 30 28 29 30
41x38: 20 25 31 27 29 24
48x42: 35 38 40 41 24 46
46x41: 34 41 33 25 26 36
48x36: 30 35 37 24 41 25
36x35: 18 21 20 24 19 30
37x41: 27 20 29 29 23 28
49x50: 34 49 55 44 35 39
47x42: 27 28 38 41 39 37
38x38: 25 17 20 24 29 29
40x35: 15 37 15 22 26 28
49x46: 46 48 32 38 39 37
50x49: 47 28 45 48 49 39
41x49: 39 30 31 42 39 27
42x40: 19 21 38 30 35 39
41x40: 23 29 34 29 32 22
41x41: 37 26 27 27 30 22
44x40: 34 23 20 31 40 34
38x48: 36 30 35 27 31 33
41x49: 24 30 37 40 32 45
45x37: 26 33 21 27 38 35
36x50: 34 31 40 25 32 30
47x37: 19 32 41 26 32 30
46x45: 23 52 39 44 24 43
42x50: 28 34 35 42 45 40
49x39: 33 38 41 38 23 35
37x47: 28 32 32 24 40 24
41x43: 30 21 34 28 38 31
49x50: 35 44 45 42 44 46
40x45: 33 42 36 27 33 24
45x43: 38 28 42 30 44 28
46x37: 40 31 26 30 26 27
47x41: 37 27 40 35 27 29
43x48: 30 34 37 39 47 37
43x43: 35 27 29 32 39 34
35x46: 25 32 31 24 26 27
39x45: 31 21 32 28 40 43
37x46: 38 30 32 27 25 28
37x39: 38 20 28 25 23 22
41x36: 31 22 27 28 21 27
42x48: 49 36 41 33 33 32
37x45: 39 33 25 23 31 29
44x46: 34 26 34 42 31 43
36x45: 36 30 37 32 19 26
49x47: 35 53 38 46 38 30
37x39: 21 29 28 27 21 30
46x46: 34 44 38 41 38 30
38x47: 34 31 29 24 36 26
40x47: 40 45 28 23 38 21
40x41: 29 37 26 20 32 25
42x37: 27 31 14 34 31 31
37x42: 29 34 20 30 29 26
48x42: 34 45 36 44 31 34
47x37: 24 31 22 34 32 37
41x39: 27 28 22 29 39 24
43x48: 38 24 42 39 47 34
49x35: 31 28 21 38 25 33
37x46: 21 36 25 37 26 35
43x37: 19 25 33 33 23 35
39x36: 29 25 23 30 25 24
37x36: 21 19 23 19 44 18
36x48: 34 34 38 35 19 32
36x50: 40 31 32 27 23 39
